536 188,536 189,536 190,531 193,522 199,507 210,490 226,474 242,454 258,433 274,416 285,407 295,398 301,389 308,384 311,381 314,377 315,376 316,375 316,374 316,374 317,;
373 317,373 318,377 318,385 318,395 318,405 318,417 317,427 317,439 317,453 317,467 317,481 317,495 317,511 318,527 318,545 320,561 320,577 319,589 319,598 319,606 319,610 319,615 318,617 317,619 317,620 317,620 316,621 316,;
621 316,620 316,619 314,615 312,612 308,606 303,602 296,593 287,585 276,575 262,566 253,558 238,550 226,541 209,535 196,523 180,519 175,516 171,514 169,513 168,512 167,511 167,;
438 376,438 380,442 398,443 416,448 434,450 450,453 470,455 486,456 503,458 517,459 531,459 547,459 555,459 569,459 579,459 587,459 595,461 600,461 602,461 603,;
461 603,464 603,468 603,474 601,480 601,491 601,501 600,519 598,531 595,545 594,560 591,576 587,596 586,614 584,634 582,654 581,676 579,694 579,714 579,732 577,746 577,758 577,768 577,776 577,782 577,787 577,790 577,791 577,792 577,;
792 577,790 575,787 570,785 567,781 559,775 550,770 535,764 521,759 504,751 472,746 452,742 432,741 412,737 396,737 384,736 375,736 367,735 362,735 359,735 356,735 353,735 351,;
734 351,595 379,584 382,570 385,546 392,534 395,519 400,505 402,489 403,475 406,460 408,454 409,448 409,444 410,442 410,441 410,440 410,438 410,435 410,432 410,427 407,420 406,416 405,411 404,408 402,406 401,404 401,403 401,403 400,;
1179 116,1179 117,1179 118,1175 119,1166 123,1151 130,1132 140,1101 158,1057 184,1005 211,947 233,837 276,763 299,686 323,616 346,550 372,500 390,484 397,484 398,;
484 398,485 398,494 398,506 398,528 398,546 396,568 396,601 396,642 396,700 398,765 400,843 400,921 406,994 406,1055 406,1105 409,1142 411,1158 411,1168 411,1172 411,1174 411,1175 411,1177 411,1179 411,1181 411,1186 412,1190 412,1193 412,1199 412,1206 412,1214 413,1224 413,1233 415,1241 415,1249 415,1253 416,1258 417,1263 417,1266 417,1269 418,1274 418,1276 419,1278 419,1279 420,;
1279 420,1277 420,1272 420,1263 417,1251 412,1236 409,1218 401,1196 392,1171 373,1136 357,1104 336,1067 311,998 260,965 236,933 218,906 206,882 192,868 184,855 177,844 173,839 169,832 166,829 164,827 162,824 159,822 158,821 156,819 154,817 152,815 149,812 144,811 141,809 137,808 135,807 133,807 131,807 130,;
807 130,809 132,811 136,813 139,817 142,823 155,831 166,839 179,850 201,860 230,872 268,886 302,890 312,900 342,916 377,953 456,985 540,995 566,1003 582,1010 601,1015 617,1020 633,1023 644,1026 655,1027 659,1028 666,1028 670,1028 673,1028 677,1028 680,;
1028 680,1028 679,1028 671,1030 657,1030 641,1030 619,1034 585,1036 527,1043 488,1056 439,1064 384,1077 332,1079 314,1086 232,1092 174,1093 160,1102 107,1110 78,1116 58,1122 42,1125 25,1130 11,1130 -3,1132 -7,1134 -11,1135 -14,1137 -17,1137 -19,1139 -22,1140 -27,1142 -30,1143 -38,1145 -40,1145 -41,1145 -42,;
658 722,657 723,653 728,647 737,641 746,637 753,631 762,626 773,622 782,617 791,615 798,612 804,611 809,611 812,611 820,611 822,611 825,611 827,611 828,612 830,613 832,615 834,616 835,619 837,621 838,623 840,626 842,632 843,636 845,639 847,644 848,646 849,649 850,652 850,657 851,660 852,665 853,667 853,670 855,673 856,675 856,680 856,687 856,692 856,698 856,706 856,714 856,722 856,729 855,735 855,738 854,743 854,747 852,752 852,757 849,760 848,769 844,778 840,791 835,800 829,809 825,814 821,819 817,825 811,830 806,833 801,836 796,836 793,839 783,839 779,839 774,839 771,839 767,839 765,839 763,838 760,837 760,836 758,834 757,833 756,830 754,827 752,825 750,822 748,818 746,815 745,812 743,808 741,805 738,802 736,799 734,796 732,794 731,791 728,786 726,784 725,782 723,778 722,777 720,774 719,772 718,771 717,770 716,767 715,765 713,763 713,761 711,758 710,756 710,754 709,751 707,749 707,747 707,745 707,743 706,740 706,738 706,736 706,733 706,729 706,726 706,725 706,723 706,722 706,721 706,720 706,718 707,716 707,715 707,713 709,710 709,709 710,708 711,706 711,704 712,703 712,701 713,700 713,699 714,698 714,697 715,695 716,694 716,691 718,689 718,686 719,682 719,679 720,676 720,674 721,672 721,671 721,671 722,;
224 249,224 250,224 252,222 255,213 263,201 274,190 289,178 306,166 323,154 340,143 355,132 372,124 384,121 395,120 397,;
120 397,121 397,122 398,123 398,125 400,127 401,129 403,134 407,138 412,143 417,149 425,155 434,161 446,171 459,181 474,191 489,199 502,208 511,216 522,220 529,226 535,230 540,233 542,234 543,235 545,;
235 545,237 545,243 542,250 541,262 538,275 532,289 528,308 523,343 515,363 512,383 507,399 503,417 502,432 499,444 499,454 499,462 497,470 497,478 497,483 497,487 497,492 497,496 497,498 497,499 497,500 497,;
500 497,500 493,503 485,504 475,506 461,511 445,516 428,522 413,529 395,535 378,542 366,546 355,553 344,557 333,570 314,576 305,582 294,588 283,593 278,596 274,598 270,599 266,600 264,601 263,;
601 263,601 262,596 259,588 256,581 252,573 245,564 239,557 231,551 224,545 217,539 208,532 202,527 197,523 191,519 188,516 183,512 180,507 177,505 176,504 174,502 174,501 174,501 173,;
501 173,500 173,490 175,478 178,463 183,442 189,422 194,404 201,384 205,364 208,345 211,329 211,317 211,307 211,301 211,297 211,292 211,289 211,286 211,282 211,279 211,276 211,273 212,269 213,265 215,256 219,251 221,248 223,243 224,242 224,242 225,;
322 624,320 628,315 635,312 638,308 642,302 647,297 651,294 653,291 655,291 656,290 657,289 657,288 657,287 659,285 661,283 661,281 662,280 663,279 663,;
278 663,281 665,281 668,283 670,285 677,287 685,290 694,294 708,297 721,300 733,301 741,304 750,305 757,306 761,306 766,306 769,306 771,306 774,306 776,306 778,306 780,306 781,;
306 781,309 781,313 780,317 780,320 780,325 780,328 780,333 780,339 781,344 781,348 782,350 783,355 786,357 787,358 788,359 788,361 788,;
361 788,368 778,375 769,392 759,405 747,420 738,435 729,448 718,459 710,468 704,472 702,475 698,476 698,477 698,;
477 698,476 696,472 693,468 688,465 682,459 677,454 672,451 667,450 660,449 657,449 652,449 648,449 645,449 640,449 638,448 638,448 637,;
448 637,447 637,444 637,441 637,433 639,431 639,428 639,426 639,424 639,422 639,420 639,418 639,416 639,414 638,412 637,411 637,410 637,409 636,409 635,408 635,407 634,407 633,;
407 633,405 633,404 634,401 634,396 634,392 634,386 634,380 634,373 634,363 632,358 630,350 628,341 626,338 626,330 622,325 622,322 621,319 621,316 621,312 621,311 621,310 621,309 621,308 621,305 621,304 621,303 621,302 621,;
1309 547,1308 548,1293 560,1280 570,1263 582,1246 594,1225 605,1200 621,1169 637,1136 657,1105 673,1070 692,1034 711,1000 727,975 735,956 743,938 748,919 755,907 758,892 763,882 766,873 767,867 769,865 769,863 770,862 770,861 770,;
861 770,862 770,863 770,865 770,868 770,872 770,876 770,882 770,888 770,892 770,899 769,907 768,914 765,929 760,937 757,950 752,961 748,977 739,992 736,1003 728,1015 724,1026 719,1035 715,1044 710,1053 704,1062 700,1070 695,1083 689,1094 683,1105 677,1116 672,1130 665,1141 659,1154 653,1165 647,1178 640,1190 632,1199 626,1210 620,1225 607,1237 597,1244 590,1253 582,1261 573,1265 568,1272 558,1278 551,1282 546,1285 543,1288 539,1291 536,1292 536,1292 535,1293 534,1294 534,1296 534,1298 533,1299 532,1300 531,1302 530,1306 529,1307 528,;
